lastAccountName: bananaboy21
timestamps:
  login: 1575421388178
  logout: 1575421413003
ipAddress: 216.165.214.200
logoutlocation:
  world: world
  x: 1127.5759616395221
  y: 83.79920110641149
  z: -20.45206158392393
  yaw: 205.65005
  pitch: 39.299984
lastlocation:
  world: world
  x: 1332.2722934995054
  y: 116.82132261072391
  z: -222.91381992148388
  yaw: -229.08499
  pitch: 30.599958
