lastAccountName: kuecki12
timestamps:
  login: 1575509669877
  logout: 1575512683875
ipAddress: 199.102.55.64
lastlocation:
  world: world
  x: 1097.5
  y: 70.0
  z: -104.5
  yaw: 4.972471
  pitch: 0.0
geolocation: United States
logoutlocation:
  world: world
  x: 924.5644945955439
  y: 31.0
  z: 2695.49663414811
  yaw: 53.505554
  pitch: 22.063894
